Weight Graph:
0 2675 2580 2765 2705 2705 2915 2825 2725 2770 2675 2785 2765 2735 2875 
2675 0 2710 2905 2840 2940 2735 2770 2800 2670 2785 2700 2900 2920 2780 
2580 2710 0 2865 2955 2635 2875 2795 2950 2765 2870 2965 2945 2895 2765 
2765 2905 2865 2715 2805 2795 2950 2790 2775 2895 2900 2925 2930 2865 2900 
2705 2840 2955 2805 0 2920 2785 2850 2965 2860 2760 2855 2765 2755 2655 
2705 2940 2635 2795 2920 0 2860 2720 2670 2955 2680 2745 2675 2715 2885 
2915 2735 2875 2950 2785 2860 0 2690 0 2780 2800 2770 2800 2940 2705 
2825 2770 2795 2790 2850 2720 2690 0 2795 2675 2855 2795 2670 2770 2730 
2725 2800 2950 2775 2965 2670 0 2795 0 2855 2735 2750 2885 2795 2820 
2770 2670 2765 2895 2860 2955 2780 2675 2855 0 0 0 0 0 0 
2675 2785 2870 2900 2760 2680 2800 2855 2735 0 0 0 0 0 0 
2785 2700 2965 2925 2855 2745 2770 2795 2750 0 0 0 0 0 0 
2765 2900 2945 2930 2765 2675 2800 2670 2885 0 0 0 0 0 0 
2735 2920 2895 2865 2755 2715 2940 2770 2795 0 0 0 0 0 0 
2875 2780 2765 2900 2655 2885 2705 2730 2820 0 0 0 0 0 0 
